Country Name	Country Code	1995	1996	1997	1998	1999	2000	2001	2002	2003	2004	2005	2006	2007	2008	2009	2010	2011	2012	2013	2014	2015	2016	2017
Aruba	ABW	80324	83200	85451	87277	89005	90853	92898	94992	97017	98737	100031	100832	101220	101353	101453	101669	102053	102577	103187	103795	104341	104822	105264
Afghanistan	AFG	17099541	17822884	18381605	18863999	19403676	20093756	20966463	21979923	23064851	24118979	25070798	25893450	26616792	27294031	28004331	28803167	29708599	30696958	31731688	32758020	33736494	34656032	35530081
Angola	AGO	14268994	14682284	15088981	15504318	15949766	16440924	16983266	17572649	18203369	18865716	19552542	20262399	20997687	21759420	22549547	23369131	24218565	25096150	25998340	26920466	27859305	28813463	29784193
Albania	ALB	3187784	3168033	3148281	3128530	3108778	3089027	3060173	3051010	3039616	3026939	3011487	2992547	2970017	2947314	2927519	2913021	2905195	2900401	2895092	2889104	2880703	2876101	2873457
Andorra	AND	63850	64360	64327	64142	64370	65390	67341	70049	73182	76244	78867	80991	82683	83861	84462	84449	83751	82431	80788	79223	78014	77281	76965
Arab World	ARB	255029671	260843462	266575075	272235146	277962869	283832016	289850357	296026575	302434519	309162029	316264728	323773264	331653797	339825483	348145094	356508908	364895878	373306993	381702086	390043028	398304960	406452690	414491886
United Arab Emirates	ARE	2448820	2571020	2700010	2838145	2988162	3154925	3326032	3507232	3741932	4087931	4579562	5242032	6044067	6894278	7666393	8270684	8672475	8900453	9006263	9070867	9154302	9269612	9400145
Argentina	ARG	34994814	35419682	35833969	36241590	36648068	37057452	37471509	37889370	38309379	38728696	39145488	39558890	39970224	40382389	40799407	41223889	41656879	42096739	42539925	42981515	43417765	43847430	44271041
Armenia	ARM	3217342	3168215	3133086	3108684	3089017	3069588	3050655	3033897	3017806	3000612	2981259	2958500	2933056	2908220	2888584	2877311	2875581	2881922	2893509	2906220	2916950	2924816	2930450
American Samoa	ASM	52868	53929	54941	55901	56770	57521	58175	58731	59117	59264	59118	58650	57903	57030	56227	55637	55320	55230	55307	55437	55537	55599	55641
Antigua and Barbuda	ATG	73619	75628	77739	79851	81831	83584	85057	86266	87293	88257	89253	90301	91381	92478	93581	94661	95719	96777	97824	98875	99923	100963	102012
Australia	AUS	18072000	18311000	18517000	18711000	18926000	19153000	19413000	19651400	19895400	20127400	20394800	20697900	20827600	21249200	21691700	22031750	22340024	22742475	23145901	23504138	23850784	24210809	24598933
Austria	AUT	7948278	7959017	7968041	7976789	7992324	8011566	8042293	8081957	8121423	8171966	8227829	8268641	8295487	8321496	8343323	8363404	8391643	8429991	8479823	8546356	8642699	8736668	8809212
Azerbaijan	AZE	7685000	7763000	7838250	7913000	7982750	8048600	8111200	8171950	8234100	8306500	8391850	8484550	8581300	8763400	8947243	9054332	9173082	9295784	9416801	9535079	9649341	9757812	9862429
Burundi	BDI	5962058	6041112	6112097	6186352	6278940	6400706	6555829	6741569	6953113	7182451	7423289	7675338	7939573	8212264	8489031	8766930	9043508	9319710	9600186	9891790	10199270	10524117	10864245
Belgium	BEL	10136811	10156637	10181245	10203008	10226419	10251250	10286570	10332785	10376133	10421137	10478617	10547958	10625700	10709973	10796493	10895586	11047744	11128246	11182817	11209057	11274196	11331422	11372068
Benin	BEN	5905558	6094259	6281639	6470265	6664098	6865951	7076733	7295394	7520555	7750004	7982225	8216896	8454791	8696916	8944706	9199259	9460802	9729160	10004451	10286712	10575952	10872298	11175692
Burkina Faso	BFA	10089878	10372745	10665546	10968724	11282701	11607942	11944587	12293100	12654621	13030569	13421930	13829177	14252021	14689726	15141099	15605217	16081904	16571216	17072723	17585977	18110624	18646433	19193382
Bangladesh	BGD	118706871	121269645	123854640	126447965	129029691	131581243	134107160	136600667	139019001	141307489	143431101	145368004	147139191	148805814	150454708	152149102	153911916	155727053	157571292	159405279	161200886	162951560	164669751
Bulgaria	BGR	8406067	8362826	8312068	8256786	8210624	8170172	8009142	7837161	7775327	7716860	7658972	7601022	7545338	7492561	7444443	7395599	7348328	7305888	7265115	7223938	7177991	7127822	7075991
Bahrain	BHR	563699	578668	594930	613702	636545	664614	697549	735148	778711	829848	889168	958414	1035891	1114590	1185029	1240862	1278269	1300217	1315411	1336397	1371855	1425171	1492584
"Bahamas, The"	BHS	280150	283790	286970	290060	293572	297890	303135	309157	315746	322526	329249	335830	342328	348676	354856	360832	366568	372039	377240	382169	386838	391232	395361
Bosnia and Herzegovina	BIH	3843712	3780378	3752431	3750485	3759118	3766706	3771284	3775807	3779247	3781287	3781530	3779468	3774000	3763599	3746561	3722084	3688865	3648200	3604999	3566002	3535961	3516816	3507017
Belarus	BLR	10194000	10160000	10117000	10069000	10026738	9979610	9928549	9865548	9796749	9730146	9663915	9604924	9560953	9527985	9506765	9490583	9473172	9464495	9465997	9474511	9489616	9501534	9507875
Belize	BLZ	206963	213676	221606	230284	239026	247315	254984	262206	269130	276089	283277	290747	298407	306165	313929	321608	329192	336701	344181	351694	359288	366954	374681
Bermuda	BMU	59746	60129	60497	60943	61285	61833	62504	62912	63325	63740	64154	64523	64888	65273	65636	65124	64564	64798	65001	65139	65239	65341	65441
Bolivia	BOL	7566714	7717443	7870855	8026254	8182712	8339512	8496375	8653345	8810420	8967741	9125409	9283334	9441444	9599855	9758748	9918242	10078343	10239004	10400264	10562159	10724705	10887882	11051600
Brazil	BRA	162296612	164913306	167545164	170170640	172759243	175287587	177750670	180151021	182482149	184738458	186917361	189012412	191026637	192979029	194895996	196796269	198686688	200560983	202408632	204213133	205962108	207652865	209288278
Barbados	BRB	264959	265942	266945	267950	268922	269847	270685	271478	272258	273091	274009	275039	276150	277319	278470	279569	280601	281585	282509	283385	284217	284996	285719
Brunei Darussalam	BRN	297192	304699	312038	319222	326289	333241	340117	346867	353389	359523	365158	370250	374864	379252	383772	388662	394013	399748	405716	411704	417542	423196	428697
Bhutan	BTN	514877	519282	528754	542155	557543	573416	589600	606399	623434	640282	656639	672228	686958	700950	714458	727641	740510	752967	764961	776448	787386	797765	807610
Botswana	BWA	1569094	1604060	1637635	1669625	1699862	1728340	1754935	1779953	1804339	1829330	1855852	1884238	1914414	1946351	1979882	2014866	2051339	2089315	2128507	2168573	2209197	2250260	2291661
Central African Republic	CAF	3352767	3435821	3517309	3597385	3676508	3754986	3832203	3907612	3981665	4055036	4127910	4201758	4275800	4345386	4404230	4448525	4476153	4490416	4499653	4515392	4546100	4594621	4659080
Canada	CAN	29354000	29671900	29987200	30247900	30499200	30769700	31081900	31362000	31676000	31995000	32312000	32570505	32887928	33245773	33628571	34005274	34342780	34750545	35152370	35535348	35832513	36264604	36708083
Central Europe and the Baltics	CEB	109913216	109563097	109459093	109207205	109102354	108405522	107800399	107097577	106760768	106466116	106173766	105901322	105504531	105126686	104924372	104543801	104174038	103935318	103713726	103496179	103257751	102994343	102727102
Switzerland	CHE	7040687	7071850	7088906	7110001	7143991	7184250	7229854	7284753	7339001	7389625	7437115	7483934	7551117	7647675	7743831	7824909	7912398	7996861	8089346	8188649	8282396	8373338	8466017
Channel Islands	CHI	144046	144829	145715	146671	147687	148725	149793	150901	152038	153170	154294	155411	156513	157581	158603	159581	160497	161358	162180	162969	163758	164541	165314
Chile	CHL	14296613	14497826	14694835	14887756	15076952	15262754	15444969	15623635	15799542	15973778	16147064	16319792	16491687	16661942	16829442	16993354	17153357	17309746	17462982	17613798	17762681	17909754	18054726
China	CHN	1204855000	1217550000	1230075000	1241935000	1252735000	1262645000	1271850000	1280400000	1288400000	1296075000	1303720000	1311020000	1317885000	1324655000	1331260000	1337705000	1344130000	1350695000	1357380000	1364270000	1371220000	1378665000	1386395000
Cote d'Ivoire	CIV	14540820	14995249	15445986	15884552	16300233	16686561	17040152	17366517	17679355	17997738	18336303	18699435	19085941	19497986	19936366	20401331	20895311	21418603	21966312	22531350	23108472	23695919	24294750
Cameroon	CMR	13460994	13812472	14165423	14523570	14891891	15274234	15671927	16084886	16513822	16959081	17420795	17899562	18395389	18907008	19432541	19970495	20520447	21082383	21655715	22239904	22834522	23439189	24053727
"Congo, Dem. Rep."	COD	41595744	42770544	43830146	44840529	45898667	47076387	48394338	49835756	51390033	53034217	54751476	56543011	58417562	60373608	62409435	64523263	66713597	68978682	71316033	73722860	76196619	78736153	81339988
"Congo, Rep."	COG	2799255	2879222	2962470	3048453	3136344	3225727	3315806	3407180	3502519	3605439	3718243	3842365	3976246	4115435	4253712	4386693	4512730	4633363	4751393	4871101	4995648	5125821	5260750
Colombia	COL	37441977	38049038	38645411	39234062	39819279	40403958	40988909	41572491	42152151	42724163	43285634	43835722	44374572	44901544	45416181	45918097	46406646	46881475	47342981	47791911	48228697	48653419	49065615
Comoros	COM	475394	488627	501953	515385	528848	542357	555888	569479	583211	597228	611627	626425	641620	657229	673252	689692	706569	723868	741500	759385	777424	795601	813912
Cabo Verde	CPV	389127	398773	408175	417323	426285	435079	443716	452106	460147	467664	474567	480795	486438	491723	496963	502384	508067	513979	520106	526437	532913	539560	546388
Costa Rica	CRI	3510926	3596732	3682725	3767373	3848723	3925443	3996798	4063204	4125971	4187038	4247841	4308794	4369469	4429508	4488263	4545280	4600474	4654122	4706401	4757575	4807852	4857274	4905769
Caribbean small states	CSS	6292827	6343683	6392040	6438587	6484510	6530691	6577216	6623792	6670276	6716373	6761932	6806838	6851221	6895315	6939534	6984096	7029022	7074129	7118888	7162679	7204948	7245472	7284294
Cuba	CUB	10906043	10961012	11013983	11064097	11110004	11150736	11186542	11217998	11244885	11266941	11284253	11296233	11303687	11309754	11318602	11333051	11354651	11382146	11412167	11439767	11461432	11475982	11484636
Curacao	CUW	145139	146306	146956	144472	139428	133860	129047	129205	131897	134192	137658	141239	144056	145880	146833	148703	150831	152088	153822	155909	157980	159663	161014
Cayman Islands	CYM	31672	33536	35597	37740	39808	41687	43316	44738	46028	47299	48622	50031	51483	52926	54279	55507	56579	57523	58371	59172	59963	60765	61559
Cyprus	CYP	855384	873423	891192	908704	926050	943286	960282	976966	993563	1010410	1027658	1045509	1063712	1081563	1098076	1112607	1124835	1135062	1143896	1152309	1160985	1170125	1179551
Czech Republic	CZE	10327253	10315241	10304131	10294373	10283860	10255063	10216605	10196916	10193998	10197101	10211216	10238905	10298828	10384603	10443936	10474410	10496088	10510785	10514272	10525347	10546059	10566332	10591323
Germany	DEU	81678051	81914831	82034771	82047195	82100243	82211508	82349925	82488495	82534176	82516260	82469422	82376451	82266372	82110097	81902307	81776930	80274983	80425823	80645605	80982500	81686611	82348669	82695000
Djibouti	DJI	630388	643682	660953	680612	700099	717584	732711	746221	758615	770752	783254	796208	809402	822934	836840	851146	865937	881185	896688	912164	927414	942333	956985
Dominica	DMA	71368	71145	70753	70290	69903	69676	69670	69824	70093	70379	70627	70807	70950	71074	71229	71440	71718	72044	72400	72778	73162	73543	73925
Denmark	DNK	5233373	5263074	5284991	5304219	5321799	5339616	5358783	5375931	5390574	5404523	5419432	5437272	5461438	5493621	5523095	5547683	5570572	5591572	5614932	5643475	5683483	5728010	5769603
Dominican Republic	DOM	7892423	8029113	8163472	8296375	8429112	8562622	8697126	8832285	8967760	9102998	9237566	9371338	9504353	9636520	9767758	9897985	10027095	10154950	10281296	10405844	10528394	10648791	10766998
Algeria	DZA	28904298	29411415	29886839	30335732	30765613	31183660	31592153	31995046	32403514	32831096	33288437	33777915	34300076	34860715	35465760	36117637	36819558	37565847	38338562	39113313	39871528	40606052	41318142
East Asia & Pacific (excluding high income)	EAP	1717381821	1738422945	1759201938	1779221736	1798083668	1815956211	1833033752	1849372898	1865072190	1880346879	1895491197	1910175419	1924328623	1938363936	1952308448	1966231608	1980303926	1994651365	2009173000	2023837097	2038410865	2053299126	2068308373
Early-demographic dividend	EAR	2252578506	2297015199	2341634408	2386184548	2430487146	2474600589	2518353223	2561812502	2605067367	2648271523	2691528375	2734859659	2778276175	2821797496	2865439651	2909410986	2953406021	2997066325	3040700765	3084236443	3127578757	3170657660	3213426923
East Asia & Pacific	EAS	1941918800	1964635058	1986799861	2008140141	2028095314	2047150745	2065521836	2082953527	2099545576	2115557365	2131363078	2147029631	2162104019	2177421759	2192352319	2207154641	2221934584	2237082761	2252311022	2267745366	2283108073	2298726779	2314364990
Europe & Central Asia (excluding high income)	ECA	391384579	391791161	392200932	392498014	392517924	392657969	392446165	392134307	392280391	392625999	393027492	393571334	394257705	395304586	397043992	399053204	401241932	403439691	405871230	408271623	410770813	413234935	415546194
Europe & Central Asia	ECS	856352860	857652705	859112733	860236341	861380108	862304086	863615632	865196877	867457664	870030756	872661616	875343235	878465990	881965815	885591814	889016507	891098854	894679968	898881448	903123160	907426233	911686319	915545801
Ecuador	ECU	11440583	11683479	11924993	12163885	12398691	12628596	12852755	13072060	13289601	13509647	13735233	13967480	14205453	14447562	14691275	14934690	15177355	15419666	15661547	15903112	16144368	16385068	16624858
"Egypt, Arab Rep."	EGY	63714386	64933456	66151117	67378056	68626664	69905988	71226940	72590118	73981942	75381899	76778149	78159048	79537253	80953881	82465022	84107606	85897561	87813257	89807433	91812566	93778172	95688681	97553151
Euro area	EMU	317181449	318003015	318761764	319433983	320258902	321310787	322547880	324125338	325885964	327682507	329380413	330922791	332645166	334274730	335360887	336151474	335429120	336180504	337325526	338466271	339533474	340617355	341465149
Eritrea	ERI	3090159	3116379	3161350	3224223	3302263	3392801	3497124	3614639	3738265	3858623	3969007	4066648	4153332	4232636	4310334	4390840	4474690						
Spain	ESP	39724050	39889852	40057389	40223509	40386875	40567864	40850412	41431558	42187645	42921895	43653155	44397319	45226803	45954106	46362946	46576897	46742697	46773055	46620045	46480882	46444832	46484062	46572028
Estonia	EST	1436634	1415594	1399535	1386156	1390244	1396985	1388115	1379350	1370720	1362550	1354775	1346810	1340680	1337090	1334515	1331475	1327439	1322696	1317997	1314545	1315407	1315790	1315480
Ethiopia	ETH	57309880	59155148	60976450	62794151	64640054	66537331	68492257	70497192	72545144	74624405	76727083	78850689	81000409	83184892	85416253	87702670	90046756	92444183	94887724	97366774	99873033	102403196	104957438
European Union	EUU	484271344	485000716	485892094	486565871	487539366	488178832	489155665	490390251	492200117	494162543	496115006	497973712	499916647	501808477	503317964	504421126	504015371	505117542	506621110	508193872	509717579	511218960	512461290
Fragile and conflict affected situations	FCS	298837493	306691898	314393550	321885559	329495037	337602457	346168747	355076801	364275678	373680882	383230416	392932365	402796842	412832401	423028631	433388814	443918286	454618893	465515402	476608101	487923553	499508468	511336623
Finland	FIN	5107790	5124573	5139835	5153498	5165474	5176209	5188008	5200598	5213014	5228172	5246096	5266268	5288720	5313399	5338871	5363352	5388272	5413971	5438972	5461512	5479531	5495303	5511303
Fiji	FJI	775498	784476	792860	800315	806494	811223	814218	815691	816628	818354	821817	827411	834812	843340	851967	859950	867086	873596	879715	885806	892149	898760	905502
France	FRA	59541899	59753100	59964851	60186288	60496718	60912500	61357430	61805267	62244886	62704895	63179351	63621381	64016227	64374989	64707044	65027507	65342775	65659789	65998660	66316092	66593366	66859768	67118648
Faroe Islands	FRO	46040	46058	46251	46580	46937	47258	47526	47769	47974	48143	48285	48383	48448	48485	48517	48550	48608	48666	48747	48842	48965	49117	49290
"Micronesia, Fed. Sts."	FSM	107556	108344	108502	108238	107816	107432	107165	106983	106816	106577	106196	105684	105078	104478	103960	103616	103468	103503	103702	104015	104433	104937	105544
Gabon	GAB	1086137	1113994	1142324	1171224	1200773	1231122	1262259	1294409	1328146	1364205	1403126	1444844	1489193	1536411	1586754	1640210	1697101	1756817	1817271	1875713	1930175	1979786	2025137
United Kingdom	GBR	58019030	58166950	58316954	58487141	58682466	58892514	59119673	59370479	59647577	59987905	60401206	60846820	61322463	61806995	62276270	62766365	63258918	63700300	64128226	64613160	65128861	65595565	66022273
Georgia	GEO	4734000	4616100	4531600	4487300	4452500	4418300	4386400	4357000	4301000	4245000	4190000	4136000	4082000	4030000	3978000	3926000	3875000	3825000	3776000	3727000	3717100	3719300	3717100
Ghana	GHA	16760467	17185608	17608812	18036494	18477612	18938762	19421605	19924522	20446782	20986536	21542009	22113425	22700212	23298640	23903831	24512104	25121796	25733049	26346251	26962563	27582821	28206728	28833629
Gibraltar	GIB	30147	30382	30594	30801	30991	31180	31374	31544	31720	31896	32085	32296	32510	32732	32956	33189	33405	33623	33831	34038	34228	34408	34571
Guinea	GIN	7871173	8132552	8337988	8503297	8653769	8808546	8971139	9137345	9309848	9490229	9679745	9881428	10096727	10323142	10556524	10794170	11035170	11281469	11536615	11805509	12091533	12395924	12717176
"Gambia, The"	GMB	1066223	1096708	1128169	1160944	1195420	1231844	1270495	1311349	1354194	1398573	1444204	1491021	1539116	1588572	1639560	1692149	1746363	1802125	1859324	1917852	1977590	2038501	2100568
Guinea-Bissau	GNB	1137122	1159060	1179727	1199915	1220794	1243229	1267512	1293523	1321202	1350345	1380838	1412669	1445958	1480841	1517448	1555880	1596154	1638139	1681495	1725744	1770526	1815698	1861283
Equatorial Guinea	GNQ	504871	523999	544636	566673	589938	614323	639762	666407	694611	724817	757317	792217	829327	868418	909111	951104	994290	1038593	1083746	1129424	1175389	1221490	1267689
Greece	GRC	10562153	10608800	10661259	10720509	10761698	10805808	10862132	10902022	10928070	10955141	10987314	11020362	11048473	11077841	11107017	11121341	11104899	11045011	10965211	10892413	10820883	10775971	10760421
Grenada	GRD	100255	100796	101122	101309	101442	101619	101849	102100	102375	102656	102949	103259	103586	103930	104296	104677	105075	105481	105909	106360	106823	107317	107825
Greenland	GRL	55800	55900	56000	56100	56100	56200	56350	56609	56765	56911	56935	56774	56555	56328	56323	56905	56890	56810	56483	56295	56114	56186	56171
Guatemala	GTM	10408489	10646674	10887634	11133501	11387203	11650743	11924946	12208848	12500478	12796925	13096028	13397008	13700286	14006366	14316208	14630417	14948919	15271056	15596214	15923559	16252429	16582469	16913503
Guam	GUM	145561	148060	150303	152277	153953	155329	156401	157175	157714	158099	158402	158648	158855	159035	159231	159444	159678	159973	160375	160967	161797	162896	164229
Guyana	GUY	761291	761861	760510	757952	755278	753301	752263	751884	751857	751652	750946	749601	747869	746314	745693	746556	749100	753091	758081	763393	768514	773303	777859
High income	HIC	1078558586	1086071661	1093603568	1100763765	1108002668	1115010208	1122635089	1130299527	1137953182	1145971873	1154156034	1162908282	1172156434	1181962982	1190790909	1198787232	1204631343	1212058100	1219556921	1227211897	1234714041	1242137612	1249066228
"Hong Kong SAR, China"	HKG	6156100	6435500	6489300	6543700	6606500	6665000	6714300	6744100	6730800	6783500	6813200	6857100	6916300	6957800	6972800	7024200	7071600	7150100	7178900	7229500	7291300	7336600	7391700
Honduras	HND	5709051	5867849	6028882	6192026	6357221	6524283	6693061	6863157	7033821	7204153	7373430	7541406	7707972	7872658	8035021	8194778	8351600	8505646	8657785	8809216	8960829	9112867	9265067
Heavily indebted poor countries (HIPC)	HPC	413418810	425324425	437269757	449393754	461899663	474935556	488553040	502710676	517352559	532385197	547744433	563415107	579434057	595849807	612731524	630127436	648053253	666488623	685401960	704745420	724482652	744602976	765112280
Croatia	HRV	4669000	4494000	4572000	4501000	4554000	4426000	4440000	4440000	4440000	4439000	4442000	4440000	4436000	4434508	4429078	4417781	4280622	4267558	4255689	4238389	4203604	4174349	4125700
Haiti	HTI	7819806	7965553	8111951	8258483	8404398	8549200	8692567	8834733	8976552	9119178	9263404	9409457	9556889	9705029	9852870	9999617	10145054	10289210	10431776	10572466	10711061	10847334	10981229
Hungary	HUN	10328965	10311238	10290486	10266570	10237530	10210971	10187576	10158608	10129552	10107146	10087065	10071370	10055780	10038188	10022650	10000023	9971727	9920362	9893082	9866468	9843028	9814023	9781127
IBRD only	IBD	3738698415	3789573048	3840453296	3890434565	3939169000	3986056196	4032084833	4077072173	4121738823	4166120812	4210445215	4254416829	4297926816	4341646260	4385943475	4430022932	4474450995	4519551913	4564885065	4610015643	4654714482	4699231955	4743263932
IDA & IBRD total	IBT	4699923937	4775395700	4851072372	4925950743	4999779253	5072466718	5144856232	5216716203	5288758037	5361007554	5433668431	5506476109	5579375555	5653072135	5727963757	5803571023	5880131377	5957668177	6036113018	6114993204	6194062653	6273584648	6353204601
IDA total	IDA	961225522	985822652	1010619076	1035516178	1060610253	1086410522	1112771399	1139644030	1167019214	1194886742	1223223216	1252059280	1281448739	1311425875	1342020282	1373548091	1405680382	1438116264	1471227953	1504977561	1539348171	1574352693	1609940669
IDA blend	IDB	321107441	328964394	336924643	344939833	352915069	361050467	369246309	377544104	385980348	394625729	403526930	412705870	422204235	432032769	442179341	452947421	463997812	474993526	486261860	497751634	509396383	521159047	533023458
Indonesia	IDN	196957849	199914831	202826465	205715544	208612556	211540429	214506502	217508059	220545214	223614649	226712730	229838202	232989141	236159276	239340478	242524123	245707511	248883232	252032263	255131116	258162113	261115456	263991379
IDA only	IDX	640118081	656858258	673694433	690576345	707695184	725360055	743525090	762099926	781038866	800261013	819696286	839353410	859244504	879393106	899840941	920600670	941682570	963122738	984966093	1007225927	1029951788	1053193646	1076917211
Isle of Man	IMN	70070	70431	70869	71390	71952	72554	73192	73870	74587	75341	76118	76914	77727	78534	79325	80072	80759	81406	82013	82590	83167	83737	84287
India	IND	960482795	978893217	997405318	1015974042	1034539214	1053050912	1071477855	1089807112	1108027848	1126135777	1144118674	1161977719	1179681239	1197146906	1214270132	1230980691	1247236029	1263065852	1278562207	1293859294	1309053980	1324171354	1339180127
Not classified	INX																							
Ireland	IRL	3608841	3637510	3674171	3712696	3754786	3805174	3866243	3931947	3996521	4070262	4159914	4273591	4398942	4489544	4535375	4560155	4580084	4599533	4623816	4657740	4701957	4755335	4813608
"Iran, Islamic Rep."	IRN	60575644	61583089	62710557	63900630	65062660	66131854	67096414	67983330	68812713	69617100	70421811	71227880	72031103	72845542	73687565	74567511	75491582	76453574	77435384	78411092	79360487	80277428	81162788
Iraq	IRQ	20208387	20845893	21509291	22190250	22878156	23565413	24251649	24939299	25627626	26316609	27008426	27697912	28390433	29111417	29894652	30762701	31727053	32776571	33883145	35006080	36115649	37202572	38274618
Iceland	ISL	267468	268916	271128	274047	277381	281205	284968	287523	289521	292074	296734	303782	311566	317414	318499	318041	319014	320716	323764	327386	330815	335439	341284
Israel	ISR	5545000	5692000	5836000	5971000	6125000	6289000	6439000	6570000	6689700	6809000	6930100	7053700	7180100	7308800	7485600	7623600	7765800	7910500	8059500	8215700	8380100	8546000	8712400
Italy	ITA	56844303	56860281	56890372	56906744	56916317	56942108	56974100	57059007	57313203	57685327	57969484	58143979	58438310	58826731	59095365	59277417	59379449	59539717	60233948	60789140	60730582	60627498	60551416
Jamaica	JAM	2537440	2561993	2586827	2611367	2634882	2656864	2677011	2695446	2712511	2728777	2744673	2760279	2775467	2790122	2804082	2817210	2829493	2840992	2851807	2862087	2871934	2881355	2890299
Jordan	JOR	4572904	4716373	4832267	4927912	5014899	5103130	5193482	5287488	5396774	5535595	5714111	5934232	6193191	6489822	6821116	7182390	7574943	7992573	8413464	8809306	9159302	9455802	9702353
Japan	JPN	125439000	125757000	126057000	126400000	126631000	126843000	127149000	127445000	127718000	127761000	127773000	127854000	128001000	128063000	128047000	128070000	127833000	127629000	127445000	127276000	127141000	126994511	126785797
Kazakhstan	KAZ	15815626	15577894	15333703	15071300	14928426	14883626	14858335	14858948	14909018	15012985	15147029	15308084	15484192	15674000	16092822	16321872	16557201	16792089	17035550	17288285	17542806	17794055	18037646
Kenya	KEN	27346456	28147734	28954114	29769803	30600397	31450483	32321482	33214009	34130852	35074931	36048288	37052050	38085909	39148416	40237204	41350152	42486839	43646629	44826849	46024250	47236259	48461567	49699862
Kyrgyz Republic	KGZ	4560400	4628400	4696400	4769000	4840400	4898400	4945100	4990700	5043300	5104700	5162600	5218400	5268400	5318700	5383300	5447900	5514600	5607200	5719600	5835500	5956900	6079500	6201500
Cambodia	KHM	10653558	10980273	11295880	11597739	11883636	12152354	12402473	12634729	12853124	13063377	13270201	13474489	13676693	13880509	14090208	14308740	14537886	14776866	15022692	15270790	15517635	15762370	16005373
Kiribati	KIR	77730	78907	80184	81550	82966	84406	85858	87343	88895	90542	92325	94260	96311	98440	100568	102652	104656	106613	108535	110458	112407	114395	116398
St. Kitts and Nevis	KNA	42891	43373	43846	44317	44824	45374	45990	46641	47306	47971	48611	49210	49783	50332	50886	51445	52006	52591	53169	53739	54288	54821	55345
"Korea, Rep."	KOR	45092991	45524681	45953580	46286503	46616677	47008111	47370164	47644736	47892330	48082519	48184561	48438292	48683638	49054708	49307835	49554112	49936638	50199853	50428893	50746659	51014947	51245707	51466201
Kuwait	KWT	1610651	1631740	1715314	1836353	1957066	2050741	2109355	2143833	2169118	2207939	2276623	2377258	2503410	2652340	2818939	2998083	3191051	3395556	3598385	3782450	3935794	4052584	4136528
Latin America & Caribbean (excluding high income)	LAC	424626030	431868811	439044994	446128863	453089523	459908706	466569961	473087978	479514487	485921455	492360617	498847473	505365856	511896377	518406797	524870761	531283625	537645733	543940758	550149862	556257851	562254848	568136842
Lao PDR	LAO	4851923	4957180	5056519	5150763	5241284	5329304	5414568	5497273	5579656	5664605	5754026	5849356	5949787	6052190	6152036	6246274	6333487	6415169	6494557	6576397	6663967	6758353	6858160
Lebanon	LBN	3033394	3070960	3092670	3113951	3156646	3235366	3359859	3522837	3701464	3863267	3986852	4057350	4086466	4111047	4183156	4337141	4588368	4916404	5276102	5603279	5851479	6006668	6082357
Liberia	LBR	2073482	2191179	2358469	2551062	2734518	2884522	2991132	3062863	3116233	3176414	3261230	3375838	3512932	3662993	3811528	3948125	4070167	4181563	4286291	4390737	4499621	4613823	4731906
Libya	LBY	4948798	5035884	5117269	5195502	5274163	5355751	5440566	5527515	5615952	5704759	5792688	5881435	5970362	6053078	6121053	6169140	6193501	6198258	6195970	6204108	6234955	6293253	6374616
St. Lucia	LCA	147044	149004	151086	153183	155172	156949	158464	159763	160973	162251	163714	165407	167288	169220	171022	172580	173832	174835	175660	176421	177206	178015	178844
Latin America & Caribbean	LCN	485913138	493920488	501837820	509664957	517324344	524829251	532172709	539372044	546478662	553563090	560673962	567821716	574994397	582179826	589349327	596478519	603537118	610547919	617495658	624335544	631062657	637663890	644137666
Least developed countries: UN classification	LDC	585496175	600926162	616437048	632146821	648229112	664804763	681932226	699560739	717572892	735796583	754118072	772488966	790978141	809730997	828953320	848791962	869298106	890423474	912093996	934192321	956631108	979387925	1002485957
Low income	LIC	406983803	418317960	429730581	441325367	453254723	465631330	478477973	491764952	505488618	519630935	534172627	549135479	564514253	580229110	596172925	612274687	628504663	644901894	661550623	678572076	696058453	714022293	732448558
Liechtenstein	LIE	30833	31325	31838	32355	32842	33286	33671	34018	34321	34596	34852	35095	35322	35541	35766	36003	36264	36545	36834	37127	37403	37666	37922
Sri Lanka	LKA	18247121	18372120	18476505	18570701	18669103	18781938	18913054	19059300	19215307	19372538	19524558	19670151	19810789	19945832	20075086	20198353	20315017	20425000	20585000	20771000	20966000	21203000	21444000
Lower middle income	LMC	2082090008	2121803515	2161549857	2201139625	2240561424	2280235216	2320035800	2359924081	2399909122	2439908661	2479864962	2519781995	2559728298	2599821177	2640211692	2681264749	2722672277	2764105969	2805845772	2847559084	2889349899	2931075528	2972642807
Low & middle income	LMY	4635235786	4710560456	4785830332	4860402272	4933815918	5006672528	5078705169	5150230538	5221946114	5293853508	5366142729	5438568259	5511067338	5584333697	5658778430	5734082511	5810352625	5887499549	5965580605	6044110924	6122845409	6202019744	6281293921
Lesotho	LSO	1761359	1787273	1810453	1831298	1850527	1868699	1885955	1902312	1918097	1933728	1949543	1965662	1982287	1999930	2019209	2040551	2064166	2089928	2117361	2145785	2174645	2203821	2233339
Late-demographic dividend	LTE	1957770830	1977094618	1996172104	2014525994	2031620012	2047187331	2061986736	2075912406	2089475459	2102909369	2116451896	2129839624	2142908325	2156164379	2169773889	2182871640	2196130364	2209708504	2223457388	2237241890	2250812795	2264568981	2278227192
Lithuania	LTU	3629102	3601613	3575137	3549331	3524238	3499536	3470818	3443067	3415213	3377075	3322528	3269909	3231294	3198231	3162916	3097282	3028115	2987773	2957689	2932367	2904910	2868231	2827721
Luxembourg	LUX	408625	414225	419450	424700	430475	436300	441525	446175	451630	458095	465158	472637	479993	488650	497783	506953	518347	530946	543360	556319	569604	582014	599449
Latvia	LVA	2485056	2457222	2432851	2410019	2390482	2367550	2337170	2310173	2287955	2263122	2238799	2218357	2200325	2177322	2141669	2097555	2059709	2034319	2012647	1993782	1977527	1959537	1940740
"Macao SAR, China"	MAC	385686	393567	401564	409837	418604	427979	438081	448896	460147	471453	482559	493320	503823	514348	525313	536969	549439	562531	575841	588781	600942	612167	622567
St. Martin (French part)	MAF	32712	32102	31304	30358	29305	28384	27782	27450	27363	27514	27906	28414	28905	29376	29820	30235	30615	30959	31264	31530	31754	31949	32125
Morocco	MAR	27075232	27460603	27825901	28175263	28514798	28849621	29181832	29512368	29843937	30179285	30521070	30869346	31225881	31596855	31989897	32409639	32858823	33333789	33824769	34318082	34803322	35276786	35739580
Monaco	MCO	30691	30967	31251	31523	31800	32082	32360	32629	32933	33314	33793	34408	35111	35853	36534	37094	37497	37783	37971	38132	38307	38499	38695
Moldova	MDA	3675099	3667748	3654208	3652732	3647001	3639592	3631462	3623062	3612874	3603945	3595187	3585209	3576910	3570108	3565604	3562045	3559986	3559519	3558566	3556397	3554108	3551954	3549750
Madagascar	MDG	13475400	13902688	14347854	14808791	15282521	15766806	16260932	16765117	17279141	17802997	18336724	18880268	19433523	19996469	20569121	21151640	21743949	22346573	22961146	23589801	24234088	24894551	25570895
Maldives	MDV	254082	259327	264275	269206	274484	280384	287027	294341	302209	310423	318836	327371	336070	345054	354501	364511	375131	386203	397397	408247	418403	427756	436330
Middle East & North Africa	MEA	286917385	292934005	298982946	305001541	311053183	317129227	323196354	329289435	335522845	342046777	348956287	356287693	363996317	371999662	380192587	388376106	396573248	404783020	412953000	421030035	428974903	436738031	444322417
Mexico	MEX	94045579	95687452	97281739	98821456	100300579	101719673	103067068	104355608	105640453	106995583	108472228	110092378	111836346	113661809	115505228	117318941	119090017	120828307	122535969	124221600	125890949	127540423	129163276
Marshall Islands	MHL	51015	51401	51692	51925	52079	52159	52183	52158	52116	52074	52055	52078	52137	52218	52320	52425	52542	52663	52793	52898	52994	53066	53127
Middle income	MIC	4228251983	4292242496	4356099751	4419076905	4480561195	4541041198	4600227196	4658465586	4716457496	4774222573	4831970102	4889432780	4946553085	5004104587	5062605505	5121807824	5181847962	5242597655	5304029982	5365538848	5426786956	5487997451	5548845363
"Macedonia, FYR"	MKD	1983252	1989443	1999599	2012057	2024394	2034819	2042842	2048928	2053426	2057047	2060272	2063145	2065458	2067378	2069093	2070739	2072383	2074036	2075739	2077495	2079308	2081206	2083160
Mali	MLI	9604450	9856810	10114094	10380835	10663723	10967690	11293258	11638929	12005128	12391906	12798763	13227064	13675606	14138216	14606597	15075085	15540989	16006670	16477818	16962846	17467905	17994837	18541980
Malta	MLT	377419	379905	382791	385287	387578	390087	393028	395969	398582	401268	403834	405308	406724	409379	412477	414508	416268	420028	425967	434558	445053	455356	465292
Myanmar	MMR	43237792	43793310	44371525	44959935	45539435	46095462	46627994	47140220	47624894	48073707	48482614	48846474	49171586	49479752	49800690	50155896	50553031	50986514	51448196	51924182	52403669	52885223	53370609
Middle East & North Africa (excluding high income)	MNA	254918217	260190124	265463944	270672291	275840061	280955290	286016125	291051001	296114536	301278295	306595214	312079307	317721161	323531149	329488935	335581557	341822043	348195697	354641044	361077997	367449306	373719055	379901782
Montenegro	MNE	611712	611003	609520	607662	606001	604950	607389	609828	612267	613353	614261	615025	615875	616969	618294	619428	620079	620601	621207	621810	622159	622303	622471
Mongolia	MNG	2298039	2316567	2335695	2355590	2376162	2397436	2419776	2443659	2469286	2496832	2526446	2558012	2591670	2628131	2668289	2712650	2761516	2814226	2869107	2923896	2976877	3027398	3075647
Northern Mariana Islands	MNP	56278	59364	62528	65474	67755	69094	69388	68763	67422	65663	63744	61688	59513	57431	55674	54424	53786	53718	54036	54468	54816	55023	55144
Mozambique	MOZ	15759132	16248232	16701351	17136780	17584869	18067687	18588758	19139658	19716598	20312705	20923070	21547463	22188387	22846758	23524063	24221405	24939005	25676606	26434372	27212382	28010691	28829476	29668834
Mauritania	MRT	2327075	2397245	2471598	2549223	2628803	2709359	2790729	2873228	2957117	3042823	3130720	3220653	3312665	3407541	3506288	3609543	3717672	3830239	3946170	4063920	4182341	4301018	4420184
Mauritius	MUS	1122457	1133996	1148284	1160421	1175267	1186873	1196287	1204621	1213370	1221003	1228254	1233996	1239630	1244121	1247429	1250400	1252404	1255882	1258653	1260934	1262605	1263473	1264613
Malawi	MWI	9909088	10109789	10381862	10704744	11044356	11376172	11695863	12013711	12336687	12676038	13039711	13429262	13840969	14271234	14714602	15167095	15627618	16097305	16577147	17068838	17573607	18091575	18622104
Malaysia	MYS	20495597	21023321	21565325	22113464	22656286	23185608	23698907	24198811	24688703	25174109	25659393	26143566	26625845	27111069	27605383	28112289	28635128	29170456	29706724	30228017	30723155	31187265	31624264
North America	NAC	295691746	299126029	302704697	306162843	309600485	312993944	316113359	319050105	321847258	324864038	327892753	331014940	334184023	337405012	340465736	343408819	346051624	348808615	351451876	354223012	356937591	359735880	362492702
Namibia	NAM	1655359	1706489	1758994	1810566	1858042	1899257	1933596	1962147	1986535	2009228	2032196	2055734	2079915	2106375	2137040	2173170	2215621	2263934	2316520	2370992	2425561	2479713	2533794
New Caledonia	NCL	193816	197564	201418	205279	209214	213230	217324	221490	225296	228750	232250	235750	239250	242750	245950	249750	254350	259000	263650	268050	272400	276550	280460
Niger	NER	9477333	9819964	10180061	10556549	10947829	11352973	11771976	12206002	12656870	13127012	13618449	14132064	14668338	15228525	15813913	16425578	17064636	17731634	18426372	19148219	19896965	20672987	21477348
Nigeria	NGA	108011465	110732904	113522705	116385750	119327073	122352009	125463434	128666710	131972533	135393616	138939478	142614094	146417024	150347390	154402181	158578261	162877076	167297284	171829303	176460502	181181744	185989640	190886311
Nicaragua	NIC	4612228	4700779	4786640	4869626	4949660	5026796	5100750	5171734	5240879	5309703	5379328	5450211	5522106	5594506	5666581	5737723	5807820	5877108	5945747	6013997	6082035	6149928	6217581
Netherlands	NLD	15459006	15530498	15610650	15707209	15812088	15925513	16046180	16148929	16225302	16281779	16319868	16346101	16381696	16445593	16530388	16615394	16693074	16754962	16804432	16865008	16939923	17030314	17132854
Norway	NOR	4359184	4381336	4405157	4431464	4461913	4490967	4513751	4538159	4564855	4591910	4623291	4660677	4709153	4768212	4828726	4889252	4953088	5018573	5079623	5137232	5190239	5234519	5282223
Nepal	NPL	21396384	21903379	22389803	22856305	23305994	23740911	24161777	24566342	24950623	25309449	25640287	25940618	26214847	26475859	26741103	27023137	27327147	27649925	27985310	28323241	28656282	28982771	29304998
Nauru	NRU	9969	10029	10057	10046	10040	10037	10052	10080	10106	10126	10114	10071	10002	9947	9945	10025	10057	10279	10821	11853	12475	13049	13649
New Zealand	NZL	3673400	3732000	3781300	3815000	3835100	3857700	3880500	3948500	4027200	4087500	4133900	4184600	4223800	4259800	4302600	4350700	4384000	4408100	4442100	4509700	4595700	4693200	4793900
OECD members	OED	1119229507	1127684727	1136083409	1144146467	1152210193	1160068208	1168255846	1176489220	1184744057	1193061799	1201387655	1210090990	1219114314	1228624922	1237366149	1245479028	1251781641	1259608786	1267734036	1276165062	1284497900	1292855641	1300865255
Oman	OMN	2204283	2236666	2249773	2251875	2254918	2267991	2294787	2334285	2385255	2444751	2511269	2582991	2662762	2759014	2882942	3041460	3237268	3464644	3711481	3960925	4199810	4424762	4636262
Other small states	OSS	19149327	19478909	19820997	20170823	20549707	20939372	21324121	21722065	22141340	22600520	23112789	23681565	24300791	24955735	25615419	26267053	26900149	27529595	28153079	28774019	29396503	30012500	30621014
Pakistan	PAK	122829148	125938339	129086987	132253264	135405584	138523285	141601437	144654143	147703401	150780300	153909667	157093993	160332974	163644603	167049580	170560182	174184265	177911533	181712595	185546257	189380513	193203476	197015955
Panama	PAN	2739730	2796344	2853941	2912328	2971197	3030347	3089684	3149265	3209174	3269541	3330465	3391905	3453807	3516268	3579385	3643222	3707782	3772938	3838462	3903986	3969249	4034119	4098587
Peru	PER	24038760	24441074	24827406	25199748	25561299	25914879	26261363	26601467	26937738	27273194	27610410	27949944	28292724	28641980	29001507	29373646	29759989	30158966	30565716	30973354	31376671	31773839	32165485
Philippines	PHL	69835715	71446107	73064764	74693695	76335812	77991569	79665315	81352060	83031954	84678493	86274237	87809419	89293490	90751864	92220879	93726624	95277940	96866642	98481032	100102249	101716359	103320222	104918090
Palau	PLW	17253	17691	18123	18524	18879	19175	19404	19574	19700	19804	19906	20012	20116	20228	20342	20470	20599	20758	20920	21094	21288	21503	21729
Papua New Guinea	PNG	4894276	5022437	5154910	5291178	5430479	5572222	5716152	5862316	6010724	6161517	6314709	6470272	6627922	6787187	6947447	7108239	7269348	7430836	7592865	7755785	7919825	8084991	8251162
Poland	POL	38594998	38624370	38649660	38663481	38660271	38258629	38248076	38230364	38204570	38182222	38165445	38141267	38120560	38125759	38151603	38042794	38063255	38063164	38040196	38011735	37986412	37970087	37975841
Pre-demographic dividend	PRE	483495980	497126039	510777895	524647448	539018066	554097477	569959700	586553190	603809871	621611464	639876871	658586521	677788806	697549138	717959651	739082260	760942116	783505835	806705375	830442736	854646007	879292453	904399841
Puerto Rico	PRI	3683103	3724655	3759430	3781101	3800081	3810605	3818774	3823701	3826095	3826878	3821362	3805214	3782995	3760866	3740410	3721525	3678732	3634488	3593077	3534874	3473177	3406520	3337177
"Korea, Dem. People’s Rep."	PRK	21862299	22113548	22335638	22537336	22731985	22929075	23131810	23336681	23538540	23729498	23904167	24061097	24203289	24335146	24463021	24591599	24722298	24854034	24985976	25116363	25243917	25368620	25490965
Portugal	PRT	10026176	10063945	10108977	10160196	10217828	10289898	10362722	10419631	10458821	10483861	10503330	10522288	10542964	10558177	10568247	10573100	10557560	10514844	10457295	10401062	10358076	10325452	10293718
Paraguay	PRY	4760850	4870694	4980344	5089310	5196937	5302700	5406624	5508611	5607950	5703740	5795494	5882796	5966159	6047117	6127837	6209877	6293783	6379219	6465740	6552584	6639119	6725308	6811297
West Bank and Gaza	PSE	2474666	2587997	2706518	2776568	2848431	2922153	2997784	3075373	3154969	3236626	3320396	3406334	3494496	3596688	3702218	3811102	3927051	4046901	4169506	4294682	4422143	4551566	4684777
Pacific island small states	PSS	1841944	1869026	1894564	1918741	1941848	1964216	1985712	2006448	2027212	2049025	2072665	2098492	2126235	2155339	2184837	2214096	2242763	2271298	2300045	2329458	2358955	2388875	2419188
Post-demographic dividend	PST	995414348	1000643919	1005863664	1010698895	1015607144	1020591853	1025668441	1030742327	1035918962	1041303140	1046610820	1052236684	1058174510	1064603304	1070107590	1075131208	1078064180	1082727404	1087610209	1092678876	1097735849	1102778565	1107374909
French Polynesia	PYF	215196	219283	223731	228376	232952	237258	241273	245006	248499	251775	254886	257832	260594	263179	265581	267820	269843	271703	273528	275484	277690	280208	283007
Qatar	QAT	513455	522304	534608	550430	569447	592267	616886	645659	688586	758855	864863	1010382	1189633	1389342	1590780	1779676	1952054	2109568	2250473	2374419	2481539	2569804	2639211
Romania	ROU	22684270	22619004	22553978	22507344	22472040	22442971	22131970	21730496	21574326	21451748	21319685	21193760	20882982	20537875	20367487	20246871	20147528	20058035	19983693	19908979	19815481	19702332	19586539
Russian Federation	RUS	148375726	148160042	147915307	147670692	147214392	146596557	145976083	145306046	144648257	144067054	143518523	143049528	142805088	142742350	142785342	142849449	142960868	143201676	143506911	143819666	144096870	144342396	144495044
Rwanda	RWA	5928078	6115168	6522382	7059813	7593239	8025703	8329406	8536205	8680346	8818438	8991735	9206580	9447402	9708169	9977446	10246842	10516071	10788853	11065151	11345357	11629553	11917508	12208407
South Asia	SAS	1259530819	1284978193	1310387887	1335777637	1361185289	1386625845	1412104373	1437568227	1462906674	1487975237	1512670560	1536943534	1560818860	1584359049	1607663899	1630806784	1653798614	1676615491	1699310450	1721847786	1744199944	1766393714	1788388852
Saudi Arabia	SAU	18735841	19131578	19505576	19882458	20294406	20764312	21303592	21906308	22556425	23228890	23905654	24578301	25252569	25940770	26661492	27425676	28238020	29086357	29944476	30776722	31557144	32275687	32938213
Sudan	SDN	24102986	24786190	25410451	26003542	26607042	27250535	27945005	28679565	29435944	30186341	30911914	31607064	32282526	32955496	33650619	34385963	35167314	35990192	36849918	37737913	38647803	39578828	40533330
Senegal	SEN	8746606	8974077	9196528	9418393	9645957	9884052	10134497	10396861	10670990	10955944	11251266	11556763	11873557	12203957	12550917	12916229	13300910	13703513	14120320	14546111	14976994	15411614	15850567
Singapore	SGP	3524506	3670704	3796038	3927213	3958723	4027887	4138012	4175950	4114826	4166664	4265762	4401365	4588599	4839396	4987573	5076732	5183688	5312437	5399162	5469724	5535002	5607283	5612253
Solomon Islands	SLB	359225	369469	379947	390643	401538	412609	423853	435262	446769	458324	469885	481422	492940	504477	516079	527790	539614	551531	563513	575504	587482	599419	611343
Sierra Leone	SLE	4274819	4282350	4305455	4353646	4437803	4564297	4739147	4957216	5199549	5439695	5658379	5848692	6015417	6165372	6310260	6458720	6611692	6766103	6922079	7079162	7237025	7396190	7557212
El Salvador	SLV	5611115	5671925	5727755	5778706	5825187	5867626	5905962	5940303	5971535	6000775	6028961	6056478	6083475	6110301	6137276	6164626	6192560	6221246	6250777	6281189	6312478	6344722	6377853
San Marino	SMR	25877	26209	26508	26799	27096	27418	27762	28121	28494	28866	29240	29614	29977	30351	30723	31110	31504	31914	32303	32657	32960	33203	33400
Somalia	SOM	7704894	7892389	8137475	8422372	8720231	9011479	9290823	9564167	9836397	10116228	10409925	10718317	11038596	11369276	11707990	12053223	12404725	12763776	13132349	13513125	13908129	14317996	14742523
Serbia	SRB	7625357	7617794	7596501	7567745	7540401	7516346	7503433	7496522	7480591	7463157	7440769	7411569	7381579	7350222	7320807	7291436	7234099	7199077	7164132	7130576	7095383	7058322	7022268
Sub-Saharan Africa (excluding high income)	SSA	587394320	603309222	619530637	636103731	653099453	670568507	688534793	707016127	726057836	745705643	765997649	786951192	808575133	830878600	853866359	877538597	901902485	926951572	952644123	978926559	1005756630	1033118066	1061011878
South Sudan	SSD	5459519	5591114	5814006	6099923	6405864	6700656	6974442	7237276	7501642	7787655	8108877	8468152	8856800	9263136	9670667	10067192	10448857	10818258	11177490	11530971	11882136	12230730	12575714
Sub-Saharan Africa	SSF	587469624	603385639	619607956	636182577	653179863	670649638	688615995	707099850	726140617	745788118	766080507	787035792	808660166	830965556	853953657	877628367	901989926	927039875	952734072	979017918	1005850049	1033212743	1061107721
Small states	SST	27284098	27691618	28107601	28528151	28976065	29434279	29887049	30352305	30838828	31365918	31947386	32586895	33278247	34006389	34739790	35465245	36171934	36875022	37572012	38266156	38960406	39646847	40324496
Sao Tome and Principe	STP	126454	128821	131107	133418	135886	138606	141622	144889	148372	151969	155630	159328	163101	166913	170813	174776	178800	182889	187045	191266	195553	199910	204327
Suriname	SUR	443724	450036	455954	461560	467003	472390	477740	483044	488332	493630	498946	504307	509705	515148	520619	526103	531589	537077	542540	547928	553208	558368	563402
Slovak Republic	SVK	5361999	5373361	5383291	5390516	5396020	5388720	5378867	5376912	5373374	5372280	5372807	5373054	5374622	5379233	5386406	5391428	5398384	5407579	5413393	5418649	5423801	5430798	5439892
Slovenia	SVN	1989872	1988628	1985956	1981629	1983045	1988925	1992060	1994530	1995733	1997012	2000474	2006868	2018122	2021316	2039669	2048583	2052843	2057159	2059953	2061980	2063531	2065042	2066748
Sweden	SWE	8826939	8840998	8846062	8850974	8857874	8872109	8895960	8924958	8958229	8993531	9029572	9080505	9148092	9219637	9298515	9378126	9449213	9519374	9600379	9696110	9799186	9923085	10067744
Eswatini	SWZ	960792	981764	1003995	1026009	1045629	1061468	1072927	1080930	1087392	1095053	1105873	1120514	1138434	1158897	1180675	1202843	1225258	1248158	1271456	1295097	1319011	1343098	1367254
Sint Maarten (Dutch part)	SXM				31240	31084	30519	30600	30777	31472	32488	33011	33441	33811	33964	34238	34056	33435	34640	36607	37685	38824	39969	41109
Seychelles	SYC	75304	76417	77319	78846	80410	81131	81202	83723	82781	82475	82858	84600	85033	86956	87298	89770	87441	88303	89949	91359	93419	94677	95843
Syrian Arab Republic	SYR	14345492	14755286	15177456	15602210	16016092	16410848	16766899	17087901	17415266	17806638	18294611	18914977	19632806	20325443	20824893	21018834	20863993	20420701	19809141	19203090	18734987	18430453	18269868
Turks and Caicos Islands	TCA	15332	15966	16528	17115	17864	18873	20185	21742	23410	25028	26448	27642	28640	29481	30245	30994	31731	32431	33108	33739	34339	34900	35446
Chad	TCD	7000722	7241134	7493251	7759258	8041846	8342559	8663012	9001689	9353201	9710043	10067009	10421597	10775708	11133861	11502786	11887202	12288651	12705135	13133589	13569438	14009413	14452543	14899994
East Asia & Pacific (IDA & IBRD countries)	TEA	1695483907	1716273159	1736829482	1756647023	1775313792	1792988790	1809863171	1825997060	1841494233	1856577921	1871547818	1886075684	1900087547	1913991988	1927809542	1941604842	1955546907	1969762859	1984152637	1998686391	2013132699	2027896410	2042783496
Europe & Central Asia (IDA & IBRD countries)	TEC	434648577	434909531	435422592	435662495	435732195	435342598	435134241	434804671	434924961	435247221	435634937	436152601	436814265	437864853	439624673	441513779	443585809	445770413	448167115	450521747	452960829	455379371	457647735
Togo	TGO	4274024	4398238	4534551	4679023	4825704	4970367	5111770	5251472	5391401	5534598	5683268	5837792	5997385	6161796	6330472	6502952	6679282	6859482	7042948	7228915	7416802	7606374	7797694
Thailand	THA	59491790	60151472	60863506	61597283	62306651	62958021	63543322	64073164	64554952	65002231	65425470	65824164	66195615	66545760	66881867	67208808	67530130	67843979	68143065	68416772	68657600	68863514	69037513
Tajikistan	TJK	5764712	5849540	5934282	6021691	6114886	6216205	6327125	6447688	6576877	6712841	6854176	7000557	7152385	7309728	7472819	7641630	7815949	7995062	8177809	8362745	8548651	8734951	8921343
Turkmenistan	TKM	4207840	4287344	4355114	4413477	4466132	4516131	4564080	4610002	4655741	4703398	4754641	4810105	4870137	4935762	5007950	5087210	5174061	5267839	5366277	5466241	5565284	5662544	5758075
Latin America & the Caribbean (IDA & IBRD countries)	TLA	470347459	478247051	486067029	493785288	501376484	508826710	516120111	523270767	530331985	537377388	544459791	551595525	558768052	565956228	573125269	580246796	587315129	594330743	601277206	608136047	614891969	621534921	628059792
Timor-Leste	TLS	871447	875916	871994	865194	863269	871607	892531	923825	960852	996698	1026484	1048621	1064973	1078110	1092021	1109591	1131523	1156760	1184366	1212814	1240977	1268671	1296311
Middle East & North Africa (IDA & IBRD countries)	TMN	252443551	257602127	262757426	267895723	272991630	278033137	283018341	287975628	292959567	298041669	303274818	308672973	314226665	319934461	325786717	331770455	337894992	344148796	350471538	356783315	363027163	369167489	375217005
Tonga	TON	96076	96369	96725	97135	97591	98082	98611	99184	99789	100406	101041	101689	102357	103005	103604	104137	104577	104951	105328	105782	106364	107122	108020
South Asia (IDA & IBRD)	TSA	1259530819	1284978193	1310387887	1335777637	1361185289	1386625845	1412104373	1437568227	1462906674	1487975237	1512670560	1536943534	1560818860	1584359049	1607663899	1630806784	1653798614	1676615491	1699310450	1721847786	1744199944	1766393714	1788388852
Sub-Saharan Africa (IDA & IBRD countries)	TSS	587469624	603385639	619607956	636182577	653179863	670649638	688615995	707099850	726140617	745788118	766080507	787035792	808660166	830965556	853953657	877628367	901989926	927039875	952734072	979017918	1005850049	1033212743	1061107721
Trinidad and Tobago	TTO	1255001	1258364	1260678	1262542	1264775	1267984	1272380	1277837	1284052	1290535	1296934	1303144	1309260	1315372	1321618	1328100	1334788	1341588	1348248	1354493	1360092	1364962	1369125
Tunisia	TUN	9113975	9256037	9384152	9499395	9603742	9699197	9785701	9864326	9939678	10017601	10102482	10196136	10298087	10407336	10521834	10639931	10761467	10886668	11014558	11143908	11273661	11403248	11532127
Turkey	TUR	58486381	59423208	60372499	61329590	62287326	63240121	64191474	65143054	66085803	67007855	67903406	68763405	69597281	70440032	71339185	72326914	73409455	74569867	75787333	77030628	78271472	79512426	80745020
Tuvalu	TUV	9230	9256	9277	9306	9345	9420	9512	9635	9767	9894	10027	10137	10243	10340	10441	10531	10628	10725	10819	10908	11001	11097	11192
Tanzania	TZA	29960776	30811854	31635251	32451713	33291540	34178042	35117019	36105808	37149072	38249984	39410545	40634948	41923715	43270144	44664231	46098591	47570902	49082997	50636595	52234869	53879957	55572201	57310019
Uganda	UGA	20550291	21202118	21865931	22551789	23272995	24039274	24854892	25718048	26624820	27568436	28543940	29550662	30590487	31663896	32771895	33915133	35093648	36306796	37553726	38833338	40144870	41487965	42862958
Ukraine	UKR	51512299	51057189	50594105	50143939	49673350	49175848	48683865	48202500	47812950	47451600	47105150	46787750	46509350	46258200	46053300	45870700	45706100	45593300	45489600	45271947	45154029	45004645	44831159
Upper middle income	UMC	2146161975	2170438981	2194549894	2217937280	2239999771	2260805982	2280191396	2298541505	2316548374	2334313912	2352105140	2369650785	2386824787	2404283410	2422393813	2440543075	2459175685	2478491686	2498184210	2517979764	2537437057	2556921923	2576202556
Uruguay	URY	3224804	3248035	3271010	3292138	3309318	3321245	3327103	3327773	3325637	3324096	3325612	3331043	3339741	3350824	3362755	3374415	3385624	3396777	3408005	3419546	3431552	3444006	3456750
United States	USA	266278000	269394000	272657000	275854000	279040000	282162411	284968955	287625193	290107933	292805298	295516599	298379912	301231207	304093966	306771529	309338421	311644280	313993272	316234505	318622525	321039839	323405935	325719178
Uzbekistan	UZB	22785000	23225000	23667000	24051000	24311650	24650400	24964450	25271850	25567650	25864350	26167000	26488250	26868000	27302800	27767400	28562400	29339400	29774500	30243200	30757700	31298900	31847900	32387200
St. Vincent and the Grenadines	VCT	108122	108075	108004	107922	107880	107898	107988	108146	108350	108559	108744	108907	109047	109165	109253	109315	109341	109328	109320	109357	109455	109643	109897
"Venezuela, RB"	VEN	22188667	22650102	23110178	23569454	24028689	24488340	24948476	25408700	25868523	26327225	26784161	27239168	27691965	28141701	28587323	29028033	29463291	29893080	30317848	30738378	31155134	31568179	31977065
British Virgin Islands	VGB	18427	18833	19270	19722	20188	20645	21085	21529	22000	22541	23168	23905	24731	25604	26447	27224	27901	28509	29056	29588	30113	30661	31196
Virgin Islands (U.S.)	VIR	107818	108095	108357	108537	108599	108642	108549	108510	108506	108467	108454	108371	108339	108399	108405	108358	108292	108191	108044	107884	107710	107510	107268
Vietnam	VNM	75198977	76372719	77453335	78452897	79391374	80285562	81139919	81956496	82747662	83527678	84308843	85094617	85889590	86707801	87565407	88472512	89436644	90451881	91497725	92544915	93571567	94569072	95540800
Vanuatu	VUT	168235	171801	174999	178078	181345	185063	189290	193956	198964	204143	209370	214634	219953	225340	230785	236295	241871	247485	253142	258850	264603	270402	276244
World	WLD	5713794372	5796632117	5879433900	5961166037	6041818586	6121682736	6201340258	6280530065	6359899296	6439825381	6520298763	6601476541	6683223772	6766296679	6849569339	6932869743	7014983968	7099557649	7185137526	7271322821	7357559450	7444157356	7530360149
Samoa	WSM	170157	171283	172198	172981	173755	174610	175566	176582	177662	178781	179929	181094	182286	183526	184826	186205	187665	189194	190757	192290	193759	195125	196440
Kosovo	XKX	2029000	2059000	2086000	1966000	1762000	1700000	1701154	1702310	1703466	1704622	1705780	1719536	1733404	1747383	1761474	1775680	1791000	1805200	1824100	1821800	1801800	1816200	1830700
"Yemen, Rep."	YEM	15320653	15889449	16408954	16896210	17378098	17874725	18390135	18919179	19462086	20017068	20582927	21160534	21751605	22356391	22974929	23606779	24252206	24909969	25576322	26246327	26916207	27584213	28250420
South Africa	ZAF	42088165	42898520	43657024	44372112	45058775	45728315	46385006	47026173	47648727	48247395	48820586	49364582	49887181	50412129	50970818	51584663	52263516	52998213	53767396	54539571	55291225	56015473	56717156
Zambia	ZMB	9137077	9394304	9666578	9950224	10239714	10531221	10824125	11120409	11421984	11731746	12052156	12383446	12725974	13082517	13456417	13850033	14264756	14699937	15153210	15620974	16100587	16591390	17094130
Zimbabwe	ZWE	11320346	11518262	11709997	11893272	12064537	12222251	12366165	12500525	12633897	12777511	12940032	13124267	13329909	13558469	13810599	14086317	14386649	14710826	15054506	15411675	15777451	16150362	16529904
